0.0889228098530424,0.00017352073572791948,0.05032101336109665,0.06472323442651397,0.04476834981780323,0.0019087280930071143,0.0026028110359187923,0.02724275550928336,0.00017352073572791948,0.02030192608016658,0.0024292903001908728,0.00034704147145583897,0.148707270518827,0.028630921395106715,0.13569321533923304,0.0006940829429116779,0.024639944473364567,0.0029498525073746312,0.09734513274336283,0.038695124067326045,0.26861009890681936,0.015616866215512754,0.017699115044247787,0.00034704147145583897,0.00329689397883047,0.0019087280930071143,0.00017352073572791948
0.014920235850468408,0.037525354969574036,0.0030425963488843813,0.009127789046653144,0.009127789046653144,0.11156186612576065,0.002028397565922921,0.0,0.0010141987829614604,0.2332657200811359,0.02129817444219067,0.0,0.2535496957403651,0.013184584178498986,0.009127789046653144,0.059837728194726165,0.008113590263691683,0.0010141987829614604,0.07099391480730223,0.06288032454361055,0.02434077079107505,0.06490872210953347,0.0030425963488843813,0.0,0.0,0.0010141987829614604,0.0
0.05161473766124929,0.12603305785123967,0.0,0.02243211334120425,0.0,0.15318772136953956,0.0,0.0,0.02804014167650531,0.13695395513577333,0.0,0.0005903187721369539,0.023612750885478158,0.0,0.0005903187721369539,0.22077922077922077,0.0,0.005312868949232586,0.03541912632821724,0.00029515938606847696,0.12632821723730814,0.1000590318772137,0.0,0.0,0.0,0.02036599763872491,0.0
0.028164377001586305,0.10284718187100524,0.0,0.0,0.002324230098779779,0.3933759442184776,0.0005810575246949448,0.004067402672864613,0.005229517722254503,0.24520627542126672,0.012783265543288786,0.0,0.002324230098779779,0.02149912841371296,0.002905287623474724,0.07205113306217316,0.0,0.0,0.02905287623474724,0.002324230098779779,0.0,0.09006391632771645,0.011621150493898896,0.0,0.0,0.0017431725740848344,0.0
0.11267247313758942,0.03017832647462277,0.004899078973153047,0.08367626886145405,0.028610621203213796,0.014109347442680775,0.01744072114442485,0.027238879090730944,0.003919263178522437,0.006662747403488144,0.004899078973153047,0.0,0.05565353713501862,0.06114050558495003,0.23202038016852833,0.011953752694493435,0.024103468547912992,0.008622378992749364,0.19439545365471292,0.07407407407407407,0.038996668626298255,0.005291005291005291,0.02606310013717421,0.0025475210660395845,0.04154418969233784,0.0011757789535567313,0.0007838526357044876
0.01108916225195295,0.1418732782369146,0.0,0.0,0.0,0.1928374655647383,0.08402203856749312,0.0,0.0,0.21349862258953167,0.0,0.0,0.0743801652892562,0.0,0.0,0.13911845730027547,0.0,0.0,0.06198347107438017,0.0,0.0013774104683195593,0.05371900826446281,0.0,0.0,0.0,0.0371900826446281,0.0
0.014082188500793152,0.1276824034334764,0.0,0.0,0.0,0.259656652360515,0.0,0.02682403433476395,0.003218884120171674,0.09978540772532189,0.0,0.0,0.06223175965665236,0.012875536480686695,0.08690987124463519,0.018240343347639486,0.0,0.0,0.2145922746781116,0.0,0.0,0.08261802575107297,0.0,0.0,0.0,0.00536480686695279,0.0
0.004968423573074736,0.34,0.0,0.0,0.0,0.23,0.0,0.0,0.0,0.16666666666666666,0.0,0.0,0.0,0.016666666666666666,0.0,0.12666666666666668,0.0,0.0,0.013333333333333334,0.0033333333333333335,0.006666666666666667,0.09333333333333334,0.0,0.0,0.0,0.0033333333333333335,0.0
0.10141869444195026,0.049689440993788817,0.023513753327417924,0.069949719018042,0.03194321206743567,0.025288376220053237,0.033865720201123925,0.026027802425317954,0.0005915409642117716,0.0,0.0002957704821058858,0.0,0.05664004732327714,0.044513457556935816,0.17125110913930788,0.16311742088139602,0.010499852114758948,0.003253475303164744,0.026471458148476783,0.07778763679384798,0.12067435669920142,0.007246376811594203,0.05013309671694765,0.0,0.005323868677905945,0.0,0.001922508133688258
0.0028134446739097904,0.11170212765957446,0.0,0.0,0.0,0.32978723404255317,0.0,0.0,0.0,0.005319148936170213,0.0,0.0,0.0,0.0,0.0,0.18617021276595744,0.0,0.0,0.0,0.0,0.0,0.3670212765957447,0.0,0.0,0.0,0.0,0.0
0.0002993026248840202,0.0,0.0,0.0,0.0,0.8125,0.0,0.0,0.0,0.0625,0.0,0.0,0.0625,0.0,0.0,0.0,0.0,0.0,0.0,0.0,0.0,0.0,0.0625,0.0,0.0,0.0,0.0
0.050821585705306635,0.19992690058479531,0.003289473684210526,0.0062134502923976605,0.004751461988304093,0.25182748538011696,0.0014619883040935672,0.0010964912280701754,0.0,0.20285087719298245,0.0,0.0,0.08991228070175439,0.0029239766081871343,0.0021929824561403508,0.06980994152046784,0.009502923976608187,0.0,0.0003654970760233918,0.007309941520467836,0.04788011695906433,0.08662280701754387,0.00804093567251462,0.0,0.0,0.00402046783625731,0.0
0.03323755649337045,0.14681166584280772,0.037567968363816116,0.0009886307464162135,0.0004943153732081067,0.19130004943153733,0.0009886307464162135,0.0,0.0,0.22343054869006426,0.0009886307464162135,0.0,0.0009886307464162135,0.05635195254572417,0.016312407315867524,0.15027187345526447,0.08996539792387544,0.0,0.0014829461196243204,0.004448838358872961,0.0,0.06772120612951063,0.007414730598121601,0.0,0.0,0.002471576866040534,0.0
0.08504684086079435,0.13523600439077937,0.0,0.10581778265642151,0.06476399560922064,0.07991218441273326,0.01141602634467618,0.025905598243688256,0.007683863885839737,0.07596048298572997,0.004829857299670692,0.0002195389681668496,0.0026344676180021956,0.003512623490669594,0.02217343578485181,0.08562019758507135,0.0010976948408342481,0.006366630076838639,0.0019758507135016466,0.06739846322722283,0.23732162458836442,0.043907793633369926,0.011855104281009879,0.0,0.0,0.003512623490669594,0.0008781558726673985
0.07145850169105983,0.002134927412467976,0.019000853970964987,0.03906917164816396,0.021776259607173356,0.0019214346712211785,0.006618274978650726,0.012169086251067465,0.0025619128949615714,0.01259607173356106,0.0017079419299743809,0.0017079419299743809,0.05294619982920581,0.058497011101622545,0.34201537147736977,0.0032023911187019642,0.015584970111016226,0.0029888983774551663,0.2051665243381725,0.04397950469684031,0.028821520068317678,0.09692570452604611,0.021776259607173356,0.0029888983774551663,0.0017079419299743809,0.002134927412467976,0.0
0.028299063182784114,0.1456,0.0,0.0,0.0,0.22826666666666667,0.0,0.0,0.0016,0.0912,0.0,0.0,0.0816,0.0010666666666666667,0.0,0.0992,0.0288,0.0,0.2048,0.0096,0.05973333333333333,0.048,0.0,0.0,0.0,0.0005333333333333334,0.0
0.004265062404597288,0.0,0.0,0.0,0.0,0.0,0.0,0.0,0.0,0.0,0.0,0.0,0.0,0.0,0.0,0.0,0.0,0.0,0.0,0.0,0.0,1.0,0.0,0.0,0.0,0.0,0.0
0.07578342462063392,0.21360724541639053,0.013474707311685442,0.01877623149988955,0.023415065164568146,0.20101612546940578,0.005964214711729622,0.012812016788159929,0.0004417936823503424,0.13143362049922686,0.0024298652529268832,0.0006626905235255136,0.0019880715705765406,0.035343494588027394,0.026286724099845372,0.0943229511817981,0.013916500994035786,0.0008835873647006848,0.02054340622929092,0.029379279876297768,0.04285398718798321,0.03468080406450188,0.01833443781753921,0.0,0.0,0.05743317870554451,0.0
0.0517943192361797,0.061376737877246526,0.00033909799932180403,0.07934893184130214,0.0,0.15937605968124788,0.002373685995252628,0.002034587995930824,0.010512037978975925,0.16005425567989148,0.0027127839945744322,0.00033909799932180403,0.0084774499830451,0.01186842997626314,0.001017293997965412,0.07019328585961343,0.07968802984062394,0.00508646998982706,0.00169548999660902,0.09223465581553068,0.13123092573753814,0.11732790776534419,0.0006781959986436081,0.0,0.0,0.002034587995930824,0.0
0.0843883750860495,0.11139401654996817,0.0,0.000848716316571186,0.0,0.24803734351792914,0.0002121790791427965,0.0002121790791427965,0.000424358158285593,0.3059622321239126,0.0,0.0,0.0006365372374283895,0.0038192234245703373,0.0006365372374283895,0.06853384256312328,0.0002121790791427965,0.0,0.0982389136431148,0.0010608953957139827,0.013579461065138977,0.0664120517716953,0.0,0.0,0.0,0.07977933375769149,0.0
0.04928017718715393,0.0656734569778048,0.04743083003952569,0.039525691699604744,0.040437823046518696,0.025843721495895408,0.004560656734569778,0.00972940103374886,0.0,0.04530252356339313,0.0,0.0,0.13256308908482822,0.0966859227728793,0.08422012769838856,0.01124961994527212,0.035269078747339616,0.0,0.13256308908482822,0.1705685618729097,0.04803891760413499,0.0012161751292186075,0.005472788081483734,0.0,0.002128306476132563,0.0012161751292186075,0.0003040437823046519
0.017389482505761576,0.1629310344827586,0.0,0.0,0.0,0.4060344827586207,0.0,0.0,0.0,0.2767241379310345,0.0,0.0,0.0,0.0,0.0,0.13793103448275862,0.0,0.0,0.0,0.0,0.0,0.01293103448275862,0.0,0.0,0.0,0.0034482758620689655,0.0
0.00043398880608182933,0.2,0.0,0.0,0.0,0.4,0.0,0.0,0.0,0.0,0.0,0.0,0.0,0.0,0.26666666666666666,0.0,0.0,0.0,0.06666666666666667,0.06666666666666667,0.0,0.0,0.0,0.0,0.0,0.0,0.0
0.004220167010864685,0.08016877637130802,0.0,0.09282700421940929,0.0,0.02109704641350211,0.0,0.0,0.06329113924050633,0.1308016877637131,0.0,0.0,0.0,0.0,0.0,0.03375527426160337,0.1729957805907173,0.008438818565400843,0.004219409282700422,0.008438818565400843,0.32489451476793246,0.05485232067510549,0.0,0.0,0.0,0.004219409282700422,0.0
0.012226512226512226,0.34782608695652173,0.0,0.043478260869565216,0.043478260869565216,0.08695652173913043,0.0,0.0,0.0,0.043478260869565216,0.0,0.0,0.043478260869565216,0.21739130434782608,0.0,0.13043478260869565,0.043478260869565216,0.0,0.0,0.0,0.0,0.0,0.0,0.0,0.0,0.0,0.0
0.0003890934123492263,0.28,0.0,0.0,0.0,0.36,0.0,0.0,0.0,0.08,0.0,0.0,0.0,0.0,0.0,0.16,0.0,0.0,0.0,0.0,0.0,0.0,0.0,0.0,0.0,0.0,0.12
